{
 "cells": [
  {
   "cell_type": "markdown",
   "id": "1e8296e7",
   "metadata": {},
   "source": [
    "# TSP Using PuLP\n"
   ]
  },
  {
   "cell_type": "markdown",
   "id": "09f609d8",
   "metadata": {},
   "source": [
    "Variables: "
   ]
  },
  {
   "cell_type": "code",
   "execution_count": 24,
   "id": "e538fe87",
   "metadata": {},
   "outputs": [],
   "source": [
    "import pulp\n",
    "import numpy as np\n",
    "import numpy.random as nr\n",
    "import matplotlib.pyplot as mpl\n",
    "import pandas as pd"
   ]
  },
  {
   "cell_type": "code",
   "execution_count": 165,
   "id": "669a7135",
   "metadata": {},
   "outputs": [],
   "source": [
    "NO_TOWNS = 20\n",
    "STARTING_TOWN = 0\n",
    "nr.seed(1)"
   ]
  },
  {
   "cell_type": "code",
   "execution_count": 166,
   "id": "082e7a0d",
   "metadata": {},
   "outputs": [],
   "source": [
    "# function for creating town coordinates\n",
    "def create_towns(NO_TOWNS):\n",
    "    \"\"\"generate random x and y coordinates for each town\"\"\"\n",
    "\n",
    "    towns_x = nr.rand(NO_TOWNS) # x coordinates for NO_TOWNS number of towns\n",
    "    towns_y = nr.rand(NO_TOWNS) # y coordinates for NO_TOWNS number of towns\n",
    "    \n",
    "    return np.array([towns_x, towns_y]).transpose()\n",
    "\n",
    "towns = create_towns(NO_TOWNS) # generate coordinates for each town\n"
   ]
  },
  {
   "cell_type": "code",
   "execution_count": 167,
   "id": "c48707a8",
   "metadata": {},
   "outputs": [
    {
     "data": {
      "text/plain": [
       "array([[4.17022005e-01, 8.00744569e-01],\n",
       "       [7.20324493e-01, 9.68261576e-01],\n",
       "       [1.14374817e-04, 3.13424178e-01],\n",
       "       [3.02332573e-01, 6.92322616e-01],\n",
       "       [1.46755891e-01, 8.76389152e-01],\n",
       "       [9.23385948e-02, 8.94606664e-01],\n",
       "       [1.86260211e-01, 8.50442114e-02],\n",
       "       [3.45560727e-01, 3.90547832e-02],\n",
       "       [3.96767474e-01, 1.69830420e-01],\n",
       "       [5.38816734e-01, 8.78142503e-01],\n",
       "       [4.19194514e-01, 9.83468338e-02],\n",
       "       [6.85219500e-01, 4.21107625e-01],\n",
       "       [2.04452250e-01, 9.57889530e-01],\n",
       "       [8.78117436e-01, 5.33165285e-01],\n",
       "       [2.73875932e-02, 6.91877114e-01],\n",
       "       [6.70467510e-01, 3.15515631e-01],\n",
       "       [4.17304802e-01, 6.86500928e-01],\n",
       "       [5.58689828e-01, 8.34625672e-01],\n",
       "       [1.40386939e-01, 1.82882773e-02],\n",
       "       [1.98101489e-01, 7.50144315e-01]])"
      ]
     },
     "execution_count": 167,
     "metadata": {},
     "output_type": "execute_result"
    }
   ],
   "source": [
    "towns"
   ]
  },
  {
   "cell_type": "code",
   "execution_count": 168,
   "id": "4ca3fe46",
   "metadata": {},
   "outputs": [],
   "source": [
    "# distances between towns\n",
    "\n",
    "distances = np.zeros([NO_TOWNS, NO_TOWNS])\n",
    "for i in range(NO_TOWNS):\n",
    "    for j in range(NO_TOWNS):\n",
    "        distance = ((towns[i][0] - towns[j][0])**2 + (towns[i][1] - towns[j][1])**2)**0.5\n",
    "        distances[i][j] = distance"
   ]
  },
  {
   "cell_type": "code",
   "execution_count": 169,
   "id": "2e085cd8",
   "metadata": {},
   "outputs": [
    {
     "data": {
      "text/plain": [
       "array([[0.        , 0.3464886 , 0.6413214 , 0.15782581, 0.28065259,\n",
       "        0.33797842, 0.75198272, 0.76503467, 0.63123919, 0.14430661,\n",
       "        0.70240109, 0.46481621, 0.26434909, 0.53311131, 0.4045579 ,\n",
       "        0.54743196, 0.11424399, 0.14566297, 0.82991855, 0.22469218],\n",
       "       [0.3464886 , 0.        , 0.97340363, 0.50085882, 0.58087992,\n",
       "        0.63229055, 1.03213254, 1.0019347 , 0.86149954, 0.20264875,\n",
       "        0.92056011, 0.54827895, 0.5159765 , 0.46282545, 0.74602273,\n",
       "        0.65464722, 0.4137753 , 0.20972439, 1.11300352, 0.56594347],\n",
       "       [0.6413214 , 0.97340363, 0.        , 0.48466469, 0.5817502 ,\n",
       "        0.58845424, 0.29463143, 0.44114821, 0.42184458, 0.78045309,\n",
       "        0.47104822, 0.69351623, 0.67608399, 0.90508316, 0.37943439,\n",
       "        0.6703564 , 0.55967322, 0.76397483, 0.32677453, 0.47950326],\n",
       "       [0.15782581, 0.50085882, 0.48466469, 0.        , 0.24100746,\n",
       "        0.29157556, 0.61827167, 0.65469652, 0.53095767, 0.30075536,\n",
       "        0.60536265, 0.46921207, 0.28303064, 0.59737699, 0.27494534,\n",
       "        0.52678918, 0.11511953, 0.29320505, 0.69321618, 0.11919508],\n",
       "       [0.28065259, 0.58087992, 0.5817502 , 0.24100746, 0.        ,\n",
       "        0.05738571, 0.79233036, 0.86061153, 0.74948718, 0.39206476,\n",
       "        0.82436197, 0.70514135, 0.0998558 , 0.80789376, 0.21975778,\n",
       "        0.76736756, 0.33053631, 0.4140456 , 0.85812451, 0.13628694],\n",
       "       [0.33797842, 0.63229055, 0.58845424, 0.29157556, 0.05738571,\n",
       "        0.        , 0.81499241, 0.89223902, 0.78611548, 0.4467816 ,\n",
       "        0.86073487, 0.75875497, 0.1287408 , 0.86492095, 0.21288002,\n",
       "        0.81827836, 0.38588992, 0.47019272, 0.87763464, 0.17903955],\n",
       "       [0.75198272, 1.03213254, 0.29463143, 0.61827167, 0.79233036,\n",
       "        0.81499241, 0.        , 0.16580616, 0.22694054, 0.86792915,\n",
       "        0.23331384, 0.60158041, 0.87303488, 0.82430511, 0.62728517,\n",
       "        0.53625906, 0.64430721, 0.83700429, 0.08099822, 0.6652055 ],\n",
       "       [0.76503467, 1.0019347 , 0.44114821, 0.65469652, 0.86061153,\n",
       "        0.89223902, 0.16580616, 0.        , 0.14044358, 0.86105522,\n",
       "        0.09453826, 0.51120686, 0.92960685, 0.72647219, 0.72623078,\n",
       "        0.42660874, 0.65140903, 0.82362434, 0.20622204, 0.72621798],\n",
       "       [0.63123919, 0.86149954, 0.42184458, 0.53095767, 0.74948718,\n",
       "        0.78611548, 0.22694054, 0.14044358, 0.        , 0.72241539,\n",
       "        0.07491912, 0.3825504 , 0.81118574, 0.60308375, 0.63951094,\n",
       "        0.31005788, 0.51707852, 0.68423065, 0.29781874, 0.61337785],\n",
       "       [0.14430661, 0.20264875, 0.78045309, 0.30075536, 0.39206476,\n",
       "        0.4467816 , 0.86792915, 0.86105522, 0.72241539, 0.        ,\n",
       "        0.78891746, 0.47991109, 0.34374292, 0.48387421, 0.54429272,\n",
       "        0.5778243 , 0.2269177 , 0.04783988, 0.94767906, 0.36396485],\n",
       "       [0.70240109, 0.92056011, 0.47104822, 0.60536265, 0.82436197,\n",
       "        0.86073487, 0.23331384, 0.09453826, 0.07491912, 0.78891746,\n",
       "        0.        , 0.41826286, 0.88596156, 0.63220039, 0.71118975,\n",
       "        0.33211505, 0.58815713, 0.74937672, 0.29007419, 0.68827471],\n",
       "       [0.46481621, 0.54827895, 0.69351623, 0.46921207, 0.70514135,\n",
       "        0.75875497, 0.60158041, 0.51120686, 0.3825504 , 0.47991109,\n",
       "        0.41826286, 0.        , 0.72060528, 0.22308414, 0.71137819,\n",
       "        0.1066175 , 0.37710992, 0.43244298, 0.67757357, 0.58783425],\n",
       "       [0.26434909, 0.5159765 , 0.67608399, 0.28303064, 0.0998558 ,\n",
       "        0.1287408 , 0.87303488, 0.92960685, 0.81118574, 0.34374292,\n",
       "        0.88596156, 0.72060528, 0.        , 0.79637646, 0.31955359,\n",
       "        0.7936085 , 0.34490286, 0.37507098, 0.94178282, 0.20784226],\n",
       "       [0.53311131, 0.46282545, 0.90508316, 0.59737699, 0.80789376,\n",
       "        0.86492095, 0.82430511, 0.72647219, 0.60308375, 0.48387421,\n",
       "        0.63220039, 0.22308414, 0.79637646, 0.        , 0.86540783,\n",
       "        0.30081533, 0.4856543 , 0.4392179 , 0.89963583, 0.7137938 ],\n",
       "       [0.4045579 , 0.74602273, 0.37943439, 0.27494534, 0.21975778,\n",
       "        0.21288002, 0.62728517, 0.72623078, 0.63951094, 0.54429272,\n",
       "        0.71118975, 0.71137819, 0.31955359, 0.86540783, 0.        ,\n",
       "        0.74511727, 0.38995427, 0.55014472, 0.6830013 , 0.18038376],\n",
       "       [0.54743196, 0.65464722, 0.6703564 , 0.52678918, 0.76736756,\n",
       "        0.81827836, 0.53625906, 0.42660874, 0.31005788, 0.5778243 ,\n",
       "        0.33211505, 0.1066175 , 0.7936085 , 0.30081533, 0.74511727,\n",
       "        0.        , 0.44913411, 0.53100799, 0.60772487, 0.64189699],\n",
       "       [0.11424399, 0.4137753 , 0.55967322, 0.11511953, 0.33053631,\n",
       "        0.38588992, 0.64430721, 0.65140903, 0.51707852, 0.2269177 ,\n",
       "        0.58815713, 0.37710992, 0.34490286, 0.4856543 , 0.38995427,\n",
       "        0.44913411, 0.        , 0.20476979, 0.72331988, 0.2282555 ],\n",
       "       [0.14566297, 0.20972439, 0.76397483, 0.29320505, 0.4140456 ,\n",
       "        0.47019272, 0.83700429, 0.82362434, 0.68423065, 0.04783988,\n",
       "        0.74937672, 0.43244298, 0.37507098, 0.4392179 , 0.55014472,\n",
       "        0.53100799, 0.20476979, 0.        , 0.91726989, 0.3703526 ],\n",
       "       [0.82991855, 1.11300352, 0.32677453, 0.69321618, 0.85812451,\n",
       "        0.87763464, 0.08099822, 0.20622204, 0.29781874, 0.94767906,\n",
       "        0.29007419, 0.67757357, 0.94178282, 0.89963583, 0.6830013 ,\n",
       "        0.60772487, 0.72331988, 0.91726989, 0.        , 0.73412821],\n",
       "       [0.22469218, 0.56594347, 0.47950326, 0.11919508, 0.13628694,\n",
       "        0.17903955, 0.6652055 , 0.72621798, 0.61337785, 0.36396485,\n",
       "        0.68827471, 0.58783425, 0.20784226, 0.7137938 , 0.18038376,\n",
       "        0.64189699, 0.2282555 , 0.3703526 , 0.73412821, 0.        ]])"
      ]
     },
     "execution_count": 169,
     "metadata": {},
     "output_type": "execute_result"
    }
   ],
   "source": [
    "distances"
   ]
  },
  {
   "cell_type": "code",
   "execution_count": 170,
   "id": "269dea2e",
   "metadata": {},
   "outputs": [],
   "source": [
    "# define TSP\n",
    "\n",
    "prob = pulp.LpProblem('TSP', pulp.LpMinimize)\n"
   ]
  },
  {
   "cell_type": "code",
   "execution_count": 171,
   "id": "ee72c81f",
   "metadata": {},
   "outputs": [],
   "source": [
    "# variables\n",
    "\n",
    "# possible edges x(i->j)\n",
    "x = pulp.LpVariable.dicts('x', ((i, j) for i in range(NO_TOWNS) for j in range(NO_TOWNS)), lowBound=0, upBound=1, cat='Binary')\n",
    "# MTZ defined u variables\n",
    "u = pulp.LpVariable.dicts('u', (i for i in range(NO_TOWNS)), lowBound=1, upBound=NO_TOWNS+1)"
   ]
  },
  {
   "cell_type": "code",
   "execution_count": 172,
   "id": "f98ce1e8",
   "metadata": {
    "scrolled": true
   },
   "outputs": [
    {
     "data": {
      "text/plain": [
       "{(0, 0): x_(0,_0),\n",
       " (0, 1): x_(0,_1),\n",
       " (0, 2): x_(0,_2),\n",
       " (0, 3): x_(0,_3),\n",
       " (0, 4): x_(0,_4),\n",
       " (0, 5): x_(0,_5),\n",
       " (0, 6): x_(0,_6),\n",
       " (0, 7): x_(0,_7),\n",
       " (0, 8): x_(0,_8),\n",
       " (0, 9): x_(0,_9),\n",
       " (0, 10): x_(0,_10),\n",
       " (0, 11): x_(0,_11),\n",
       " (0, 12): x_(0,_12),\n",
       " (0, 13): x_(0,_13),\n",
       " (0, 14): x_(0,_14),\n",
       " (0, 15): x_(0,_15),\n",
       " (0, 16): x_(0,_16),\n",
       " (0, 17): x_(0,_17),\n",
       " (0, 18): x_(0,_18),\n",
       " (0, 19): x_(0,_19),\n",
       " (1, 0): x_(1,_0),\n",
       " (1, 1): x_(1,_1),\n",
       " (1, 2): x_(1,_2),\n",
       " (1, 3): x_(1,_3),\n",
       " (1, 4): x_(1,_4),\n",
       " (1, 5): x_(1,_5),\n",
       " (1, 6): x_(1,_6),\n",
       " (1, 7): x_(1,_7),\n",
       " (1, 8): x_(1,_8),\n",
       " (1, 9): x_(1,_9),\n",
       " (1, 10): x_(1,_10),\n",
       " (1, 11): x_(1,_11),\n",
       " (1, 12): x_(1,_12),\n",
       " (1, 13): x_(1,_13),\n",
       " (1, 14): x_(1,_14),\n",
       " (1, 15): x_(1,_15),\n",
       " (1, 16): x_(1,_16),\n",
       " (1, 17): x_(1,_17),\n",
       " (1, 18): x_(1,_18),\n",
       " (1, 19): x_(1,_19),\n",
       " (2, 0): x_(2,_0),\n",
       " (2, 1): x_(2,_1),\n",
       " (2, 2): x_(2,_2),\n",
       " (2, 3): x_(2,_3),\n",
       " (2, 4): x_(2,_4),\n",
       " (2, 5): x_(2,_5),\n",
       " (2, 6): x_(2,_6),\n",
       " (2, 7): x_(2,_7),\n",
       " (2, 8): x_(2,_8),\n",
       " (2, 9): x_(2,_9),\n",
       " (2, 10): x_(2,_10),\n",
       " (2, 11): x_(2,_11),\n",
       " (2, 12): x_(2,_12),\n",
       " (2, 13): x_(2,_13),\n",
       " (2, 14): x_(2,_14),\n",
       " (2, 15): x_(2,_15),\n",
       " (2, 16): x_(2,_16),\n",
       " (2, 17): x_(2,_17),\n",
       " (2, 18): x_(2,_18),\n",
       " (2, 19): x_(2,_19),\n",
       " (3, 0): x_(3,_0),\n",
       " (3, 1): x_(3,_1),\n",
       " (3, 2): x_(3,_2),\n",
       " (3, 3): x_(3,_3),\n",
       " (3, 4): x_(3,_4),\n",
       " (3, 5): x_(3,_5),\n",
       " (3, 6): x_(3,_6),\n",
       " (3, 7): x_(3,_7),\n",
       " (3, 8): x_(3,_8),\n",
       " (3, 9): x_(3,_9),\n",
       " (3, 10): x_(3,_10),\n",
       " (3, 11): x_(3,_11),\n",
       " (3, 12): x_(3,_12),\n",
       " (3, 13): x_(3,_13),\n",
       " (3, 14): x_(3,_14),\n",
       " (3, 15): x_(3,_15),\n",
       " (3, 16): x_(3,_16),\n",
       " (3, 17): x_(3,_17),\n",
       " (3, 18): x_(3,_18),\n",
       " (3, 19): x_(3,_19),\n",
       " (4, 0): x_(4,_0),\n",
       " (4, 1): x_(4,_1),\n",
       " (4, 2): x_(4,_2),\n",
       " (4, 3): x_(4,_3),\n",
       " (4, 4): x_(4,_4),\n",
       " (4, 5): x_(4,_5),\n",
       " (4, 6): x_(4,_6),\n",
       " (4, 7): x_(4,_7),\n",
       " (4, 8): x_(4,_8),\n",
       " (4, 9): x_(4,_9),\n",
       " (4, 10): x_(4,_10),\n",
       " (4, 11): x_(4,_11),\n",
       " (4, 12): x_(4,_12),\n",
       " (4, 13): x_(4,_13),\n",
       " (4, 14): x_(4,_14),\n",
       " (4, 15): x_(4,_15),\n",
       " (4, 16): x_(4,_16),\n",
       " (4, 17): x_(4,_17),\n",
       " (4, 18): x_(4,_18),\n",
       " (4, 19): x_(4,_19),\n",
       " (5, 0): x_(5,_0),\n",
       " (5, 1): x_(5,_1),\n",
       " (5, 2): x_(5,_2),\n",
       " (5, 3): x_(5,_3),\n",
       " (5, 4): x_(5,_4),\n",
       " (5, 5): x_(5,_5),\n",
       " (5, 6): x_(5,_6),\n",
       " (5, 7): x_(5,_7),\n",
       " (5, 8): x_(5,_8),\n",
       " (5, 9): x_(5,_9),\n",
       " (5, 10): x_(5,_10),\n",
       " (5, 11): x_(5,_11),\n",
       " (5, 12): x_(5,_12),\n",
       " (5, 13): x_(5,_13),\n",
       " (5, 14): x_(5,_14),\n",
       " (5, 15): x_(5,_15),\n",
       " (5, 16): x_(5,_16),\n",
       " (5, 17): x_(5,_17),\n",
       " (5, 18): x_(5,_18),\n",
       " (5, 19): x_(5,_19),\n",
       " (6, 0): x_(6,_0),\n",
       " (6, 1): x_(6,_1),\n",
       " (6, 2): x_(6,_2),\n",
       " (6, 3): x_(6,_3),\n",
       " (6, 4): x_(6,_4),\n",
       " (6, 5): x_(6,_5),\n",
       " (6, 6): x_(6,_6),\n",
       " (6, 7): x_(6,_7),\n",
       " (6, 8): x_(6,_8),\n",
       " (6, 9): x_(6,_9),\n",
       " (6, 10): x_(6,_10),\n",
       " (6, 11): x_(6,_11),\n",
       " (6, 12): x_(6,_12),\n",
       " (6, 13): x_(6,_13),\n",
       " (6, 14): x_(6,_14),\n",
       " (6, 15): x_(6,_15),\n",
       " (6, 16): x_(6,_16),\n",
       " (6, 17): x_(6,_17),\n",
       " (6, 18): x_(6,_18),\n",
       " (6, 19): x_(6,_19),\n",
       " (7, 0): x_(7,_0),\n",
       " (7, 1): x_(7,_1),\n",
       " (7, 2): x_(7,_2),\n",
       " (7, 3): x_(7,_3),\n",
       " (7, 4): x_(7,_4),\n",
       " (7, 5): x_(7,_5),\n",
       " (7, 6): x_(7,_6),\n",
       " (7, 7): x_(7,_7),\n",
       " (7, 8): x_(7,_8),\n",
       " (7, 9): x_(7,_9),\n",
       " (7, 10): x_(7,_10),\n",
       " (7, 11): x_(7,_11),\n",
       " (7, 12): x_(7,_12),\n",
       " (7, 13): x_(7,_13),\n",
       " (7, 14): x_(7,_14),\n",
       " (7, 15): x_(7,_15),\n",
       " (7, 16): x_(7,_16),\n",
       " (7, 17): x_(7,_17),\n",
       " (7, 18): x_(7,_18),\n",
       " (7, 19): x_(7,_19),\n",
       " (8, 0): x_(8,_0),\n",
       " (8, 1): x_(8,_1),\n",
       " (8, 2): x_(8,_2),\n",
       " (8, 3): x_(8,_3),\n",
       " (8, 4): x_(8,_4),\n",
       " (8, 5): x_(8,_5),\n",
       " (8, 6): x_(8,_6),\n",
       " (8, 7): x_(8,_7),\n",
       " (8, 8): x_(8,_8),\n",
       " (8, 9): x_(8,_9),\n",
       " (8, 10): x_(8,_10),\n",
       " (8, 11): x_(8,_11),\n",
       " (8, 12): x_(8,_12),\n",
       " (8, 13): x_(8,_13),\n",
       " (8, 14): x_(8,_14),\n",
       " (8, 15): x_(8,_15),\n",
       " (8, 16): x_(8,_16),\n",
       " (8, 17): x_(8,_17),\n",
       " (8, 18): x_(8,_18),\n",
       " (8, 19): x_(8,_19),\n",
       " (9, 0): x_(9,_0),\n",
       " (9, 1): x_(9,_1),\n",
       " (9, 2): x_(9,_2),\n",
       " (9, 3): x_(9,_3),\n",
       " (9, 4): x_(9,_4),\n",
       " (9, 5): x_(9,_5),\n",
       " (9, 6): x_(9,_6),\n",
       " (9, 7): x_(9,_7),\n",
       " (9, 8): x_(9,_8),\n",
       " (9, 9): x_(9,_9),\n",
       " (9, 10): x_(9,_10),\n",
       " (9, 11): x_(9,_11),\n",
       " (9, 12): x_(9,_12),\n",
       " (9, 13): x_(9,_13),\n",
       " (9, 14): x_(9,_14),\n",
       " (9, 15): x_(9,_15),\n",
       " (9, 16): x_(9,_16),\n",
       " (9, 17): x_(9,_17),\n",
       " (9, 18): x_(9,_18),\n",
       " (9, 19): x_(9,_19),\n",
       " (10, 0): x_(10,_0),\n",
       " (10, 1): x_(10,_1),\n",
       " (10, 2): x_(10,_2),\n",
       " (10, 3): x_(10,_3),\n",
       " (10, 4): x_(10,_4),\n",
       " (10, 5): x_(10,_5),\n",
       " (10, 6): x_(10,_6),\n",
       " (10, 7): x_(10,_7),\n",
       " (10, 8): x_(10,_8),\n",
       " (10, 9): x_(10,_9),\n",
       " (10, 10): x_(10,_10),\n",
       " (10, 11): x_(10,_11),\n",
       " (10, 12): x_(10,_12),\n",
       " (10, 13): x_(10,_13),\n",
       " (10, 14): x_(10,_14),\n",
       " (10, 15): x_(10,_15),\n",
       " (10, 16): x_(10,_16),\n",
       " (10, 17): x_(10,_17),\n",
       " (10, 18): x_(10,_18),\n",
       " (10, 19): x_(10,_19),\n",
       " (11, 0): x_(11,_0),\n",
       " (11, 1): x_(11,_1),\n",
       " (11, 2): x_(11,_2),\n",
       " (11, 3): x_(11,_3),\n",
       " (11, 4): x_(11,_4),\n",
       " (11, 5): x_(11,_5),\n",
       " (11, 6): x_(11,_6),\n",
       " (11, 7): x_(11,_7),\n",
       " (11, 8): x_(11,_8),\n",
       " (11, 9): x_(11,_9),\n",
       " (11, 10): x_(11,_10),\n",
       " (11, 11): x_(11,_11),\n",
       " (11, 12): x_(11,_12),\n",
       " (11, 13): x_(11,_13),\n",
       " (11, 14): x_(11,_14),\n",
       " (11, 15): x_(11,_15),\n",
       " (11, 16): x_(11,_16),\n",
       " (11, 17): x_(11,_17),\n",
       " (11, 18): x_(11,_18),\n",
       " (11, 19): x_(11,_19),\n",
       " (12, 0): x_(12,_0),\n",
       " (12, 1): x_(12,_1),\n",
       " (12, 2): x_(12,_2),\n",
       " (12, 3): x_(12,_3),\n",
       " (12, 4): x_(12,_4),\n",
       " (12, 5): x_(12,_5),\n",
       " (12, 6): x_(12,_6),\n",
       " (12, 7): x_(12,_7),\n",
       " (12, 8): x_(12,_8),\n",
       " (12, 9): x_(12,_9),\n",
       " (12, 10): x_(12,_10),\n",
       " (12, 11): x_(12,_11),\n",
       " (12, 12): x_(12,_12),\n",
       " (12, 13): x_(12,_13),\n",
       " (12, 14): x_(12,_14),\n",
       " (12, 15): x_(12,_15),\n",
       " (12, 16): x_(12,_16),\n",
       " (12, 17): x_(12,_17),\n",
       " (12, 18): x_(12,_18),\n",
       " (12, 19): x_(12,_19),\n",
       " (13, 0): x_(13,_0),\n",
       " (13, 1): x_(13,_1),\n",
       " (13, 2): x_(13,_2),\n",
       " (13, 3): x_(13,_3),\n",
       " (13, 4): x_(13,_4),\n",
       " (13, 5): x_(13,_5),\n",
       " (13, 6): x_(13,_6),\n",
       " (13, 7): x_(13,_7),\n",
       " (13, 8): x_(13,_8),\n",
       " (13, 9): x_(13,_9),\n",
       " (13, 10): x_(13,_10),\n",
       " (13, 11): x_(13,_11),\n",
       " (13, 12): x_(13,_12),\n",
       " (13, 13): x_(13,_13),\n",
       " (13, 14): x_(13,_14),\n",
       " (13, 15): x_(13,_15),\n",
       " (13, 16): x_(13,_16),\n",
       " (13, 17): x_(13,_17),\n",
       " (13, 18): x_(13,_18),\n",
       " (13, 19): x_(13,_19),\n",
       " (14, 0): x_(14,_0),\n",
       " (14, 1): x_(14,_1),\n",
       " (14, 2): x_(14,_2),\n",
       " (14, 3): x_(14,_3),\n",
       " (14, 4): x_(14,_4),\n",
       " (14, 5): x_(14,_5),\n",
       " (14, 6): x_(14,_6),\n",
       " (14, 7): x_(14,_7),\n",
       " (14, 8): x_(14,_8),\n",
       " (14, 9): x_(14,_9),\n",
       " (14, 10): x_(14,_10),\n",
       " (14, 11): x_(14,_11),\n",
       " (14, 12): x_(14,_12),\n",
       " (14, 13): x_(14,_13),\n",
       " (14, 14): x_(14,_14),\n",
       " (14, 15): x_(14,_15),\n",
       " (14, 16): x_(14,_16),\n",
       " (14, 17): x_(14,_17),\n",
       " (14, 18): x_(14,_18),\n",
       " (14, 19): x_(14,_19),\n",
       " (15, 0): x_(15,_0),\n",
       " (15, 1): x_(15,_1),\n",
       " (15, 2): x_(15,_2),\n",
       " (15, 3): x_(15,_3),\n",
       " (15, 4): x_(15,_4),\n",
       " (15, 5): x_(15,_5),\n",
       " (15, 6): x_(15,_6),\n",
       " (15, 7): x_(15,_7),\n",
       " (15, 8): x_(15,_8),\n",
       " (15, 9): x_(15,_9),\n",
       " (15, 10): x_(15,_10),\n",
       " (15, 11): x_(15,_11),\n",
       " (15, 12): x_(15,_12),\n",
       " (15, 13): x_(15,_13),\n",
       " (15, 14): x_(15,_14),\n",
       " (15, 15): x_(15,_15),\n",
       " (15, 16): x_(15,_16),\n",
       " (15, 17): x_(15,_17),\n",
       " (15, 18): x_(15,_18),\n",
       " (15, 19): x_(15,_19),\n",
       " (16, 0): x_(16,_0),\n",
       " (16, 1): x_(16,_1),\n",
       " (16, 2): x_(16,_2),\n",
       " (16, 3): x_(16,_3),\n",
       " (16, 4): x_(16,_4),\n",
       " (16, 5): x_(16,_5),\n",
       " (16, 6): x_(16,_6),\n",
       " (16, 7): x_(16,_7),\n",
       " (16, 8): x_(16,_8),\n",
       " (16, 9): x_(16,_9),\n",
       " (16, 10): x_(16,_10),\n",
       " (16, 11): x_(16,_11),\n",
       " (16, 12): x_(16,_12),\n",
       " (16, 13): x_(16,_13),\n",
       " (16, 14): x_(16,_14),\n",
       " (16, 15): x_(16,_15),\n",
       " (16, 16): x_(16,_16),\n",
       " (16, 17): x_(16,_17),\n",
       " (16, 18): x_(16,_18),\n",
       " (16, 19): x_(16,_19),\n",
       " (17, 0): x_(17,_0),\n",
       " (17, 1): x_(17,_1),\n",
       " (17, 2): x_(17,_2),\n",
       " (17, 3): x_(17,_3),\n",
       " (17, 4): x_(17,_4),\n",
       " (17, 5): x_(17,_5),\n",
       " (17, 6): x_(17,_6),\n",
       " (17, 7): x_(17,_7),\n",
       " (17, 8): x_(17,_8),\n",
       " (17, 9): x_(17,_9),\n",
       " (17, 10): x_(17,_10),\n",
       " (17, 11): x_(17,_11),\n",
       " (17, 12): x_(17,_12),\n",
       " (17, 13): x_(17,_13),\n",
       " (17, 14): x_(17,_14),\n",
       " (17, 15): x_(17,_15),\n",
       " (17, 16): x_(17,_16),\n",
       " (17, 17): x_(17,_17),\n",
       " (17, 18): x_(17,_18),\n",
       " (17, 19): x_(17,_19),\n",
       " (18, 0): x_(18,_0),\n",
       " (18, 1): x_(18,_1),\n",
       " (18, 2): x_(18,_2),\n",
       " (18, 3): x_(18,_3),\n",
       " (18, 4): x_(18,_4),\n",
       " (18, 5): x_(18,_5),\n",
       " (18, 6): x_(18,_6),\n",
       " (18, 7): x_(18,_7),\n",
       " (18, 8): x_(18,_8),\n",
       " (18, 9): x_(18,_9),\n",
       " (18, 10): x_(18,_10),\n",
       " (18, 11): x_(18,_11),\n",
       " (18, 12): x_(18,_12),\n",
       " (18, 13): x_(18,_13),\n",
       " (18, 14): x_(18,_14),\n",
       " (18, 15): x_(18,_15),\n",
       " (18, 16): x_(18,_16),\n",
       " (18, 17): x_(18,_17),\n",
       " (18, 18): x_(18,_18),\n",
       " (18, 19): x_(18,_19),\n",
       " (19, 0): x_(19,_0),\n",
       " (19, 1): x_(19,_1),\n",
       " (19, 2): x_(19,_2),\n",
       " (19, 3): x_(19,_3),\n",
       " (19, 4): x_(19,_4),\n",
       " (19, 5): x_(19,_5),\n",
       " (19, 6): x_(19,_6),\n",
       " (19, 7): x_(19,_7),\n",
       " (19, 8): x_(19,_8),\n",
       " (19, 9): x_(19,_9),\n",
       " (19, 10): x_(19,_10),\n",
       " (19, 11): x_(19,_11),\n",
       " (19, 12): x_(19,_12),\n",
       " (19, 13): x_(19,_13),\n",
       " (19, 14): x_(19,_14),\n",
       " (19, 15): x_(19,_15),\n",
       " (19, 16): x_(19,_16),\n",
       " (19, 17): x_(19,_17),\n",
       " (19, 18): x_(19,_18),\n",
       " (19, 19): x_(19,_19)}"
      ]
     },
     "execution_count": 172,
     "metadata": {},
     "output_type": "execute_result"
    }
   ],
   "source": [
    "x"
   ]
  },
  {
   "cell_type": "code",
   "execution_count": 173,
   "id": "e344f32c",
   "metadata": {},
   "outputs": [
    {
     "data": {
      "text/plain": [
       "{0: u_0,\n",
       " 1: u_1,\n",
       " 2: u_2,\n",
       " 3: u_3,\n",
       " 4: u_4,\n",
       " 5: u_5,\n",
       " 6: u_6,\n",
       " 7: u_7,\n",
       " 8: u_8,\n",
       " 9: u_9,\n",
       " 10: u_10,\n",
       " 11: u_11,\n",
       " 12: u_12,\n",
       " 13: u_13,\n",
       " 14: u_14,\n",
       " 15: u_15,\n",
       " 16: u_16,\n",
       " 17: u_17,\n",
       " 18: u_18,\n",
       " 19: u_19}"
      ]
     },
     "execution_count": 173,
     "metadata": {},
     "output_type": "execute_result"
    }
   ],
   "source": [
    "u"
   ]
  },
  {
   "cell_type": "code",
   "execution_count": 174,
   "id": "4d59c9d6",
   "metadata": {},
   "outputs": [],
   "source": [
    "# objective_function\n",
    "\n",
    "prob += pulp.lpSum(distances[i][j] * x[i, j] for i in range(NO_TOWNS) for j in range(NO_TOWNS))\n"
   ]
  },
  {
   "cell_type": "code",
   "execution_count": 175,
   "id": "5d24fd3f",
   "metadata": {},
   "outputs": [],
   "source": [
    "# set constraints\n",
    "\n",
    "for i in range(NO_TOWNS):\n",
    "    prob += x[i, i] == 0 # cant visit itself\n",
    "    \n",
    "for i in range(NO_TOWNS):\n",
    "    prob += pulp.lpSum(x[i, j] for j in range(NO_TOWNS)) == 1 # make sure that only one destination out from town i\n",
    "    \n",
    "for j in range(NO_TOWNS):\n",
    "    prob += pulp.lpSum(x[i, j] for i in range(NO_TOWNS)) == 1 # make sure that each destination only gets one incoming town\n",
    "    \n",
    "    \n",
    "# ensure that the towns are all connected in one path\n",
    "\n",
    "for i in range(NO_TOWNS):\n",
    "    for j in range(NO_TOWNS):\n",
    "        if i != j and i != 0 and j != 0:\n",
    "            prob += u[i] - u[j] <= NO_TOWNS * (1 - x[i, j]) - 1\n",
    "            "
   ]
  },
  {
   "cell_type": "code",
   "execution_count": 176,
   "id": "a4bc25df",
   "metadata": {},
   "outputs": [],
   "source": [
    "status = prob.solve()"
   ]
  },
  {
   "cell_type": "code",
   "execution_count": 177,
   "id": "f757bc38",
   "metadata": {},
   "outputs": [
    {
     "data": {
      "text/plain": [
       "'Optimal'"
      ]
     },
     "execution_count": 177,
     "metadata": {},
     "output_type": "execute_result"
    }
   ],
   "source": [
    "pulp.LpStatus[status]"
   ]
  },
  {
   "cell_type": "code",
   "execution_count": null,
   "id": "f9230b3a",
   "metadata": {},
   "outputs": [],
   "source": []
  }
 ],
 "metadata": {
  "kernelspec": {
   "display_name": "Python 3 (ipykernel)",
   "language": "python",
   "name": "python3"
  },
  "language_info": {
   "codemirror_mode": {
    "name": "ipython",
    "version": 3
   },
   "file_extension": ".py",
   "mimetype": "text/x-python",
   "name": "python",
   "nbconvert_exporter": "python",
   "pygments_lexer": "ipython3",
   "version": "3.10.5"
  }
 },
 "nbformat": 4,
 "nbformat_minor": 5
}
